service_id,monday,tuesday,wednesday,thursday,friday,saturday,sunday,start_date,end_date
1111100-1,1,1,1,1,1,0,0,20260105,20260116
1111111-1,1,1,1,1,1,1,1,20260105,20260118
1111101-1,1,1,1,1,1,0,1,20260105,20260118
1111110-1,1,1,1,1,1,1,0,20260105,20260117
0000010-1,0,0,0,0,0,1,0,20260110,20260117
0000011-1,0,0,0,0,0,1,1,20260110,20260118
0000001-1,0,0,0,0,0,0,1,20260111,20260118
1111100-2,1,1,1,1,1,0,0,20260105,20260109
1111101-2,1,1,1,1,1,0,1,20260105,20260118
1111110-2,1,1,1,1,1,1,0,20260105,20260117
1111100-3,1,1,1,1,1,0,0,20260105,20260109
1111111-2,1,1,1,1,1,1,1,20260105,20260118
1111111-3,1,1,1,1,1,1,1,20260105,20260118
1111101-3,1,1,1,1,1,0,1,20260105,20260116
1111111-4,1,1,1,1,1,1,1,20260105,20260117
1111101-4,1,1,1,1,1,0,1,20260105,20260111
1111111-5,1,1,1,1,1,1,1,20260105,20260111
1111111-6,1,1,1,1,1,1,1,20260105,20260116
1111101-5,1,1,1,1,1,0,1,20260105,20260118
1111111-7,1,1,1,1,1,1,1,20260105,20260118
1111111-8,1,1,1,1,1,1,1,20260105,20260118
1111100-4,1,1,1,1,1,0,0,20260105,20260116
1111111-9,1,1,1,1,1,1,1,20260105,20260118
1111110-3,1,1,1,1,1,1,0,20260105,20260116
1111100-5,1,1,1,1,1,0,0,20260105,20260108
1111100-6,1,1,1,1,1,0,0,20260105,20260107
1111111-10,1,1,1,1,1,1,1,20260105,20260116
1111111-11,1,1,1,1,1,1,1,20260105,20260117
1111111-12,1,1,1,1,1,1,1,20260105,20260118
1111100-7,1,1,1,1,1,0,0,20260106,20260106
1111111-13,1,1,1,1,1,1,1,20260106,20260118
1111100-8,1,1,1,1,1,0,0,20260108,20260108
1111100-9,1,1,1,1,1,0,0,20260109,20260109
1111111-14,1,1,1,1,1,1,1,20260109,20260116
1111111-15,1,1,1,1,1,1,1,20260109,20260118
1111100-10,1,1,1,1,1,0,0,20260109,20260116
1111111-16,1,1,1,1,1,1,1,20260109,20260117
0000011-2,0,0,0,0,0,1,1,20260110,20260117
1111111-17,1,1,1,1,1,1,1,20260110,20260117
1111110-4,1,1,1,1,1,1,0,20260110,20260117
1111111-18,1,1,1,1,1,1,1,20260110,20260118
0000010-2,0,0,0,0,0,1,0,20260110,20260110
0000011-3,0,0,0,0,0,1,1,20260110,20260111
0000011-4,0,0,0,0,0,1,1,20260110,20260118
1111111-19,1,1,1,1,1,1,1,20260110,20260116
0000001-2,0,0,0,0,0,0,1,20260111,20260111
1111101-6,1,1,1,1,1,0,1,20260111,20260116
1111101-7,1,1,1,1,1,0,1,20260111,20260118
0000011-5,0,0,0,0,0,1,1,20260111,20260118
1111100-11,1,1,1,1,1,0,0,20260112,20260116
0000010-3,0,0,0,0,0,1,0,20260117,20260117
0000011-6,0,0,0,0,0,1,1,20260117,20260118
0000001-3,0,0,0,0,0,0,1,20260118,20260118
0000001-4,0,0,0,0,0,0,1,20260110,20260118
0000001-5,0,0,0,0,0,0,1,20260110,20260118
0000001-6,0,0,0,0,0,0,1,20260111,20260118
1111111-20,1,1,1,1,1,1,1,20260112,20260118
0000001-7,0,0,0,0,0,0,1,20260111,20260118
1111111-21,1,1,1,1,1,1,1,20260105,20260118
1111110-5,1,1,1,1,1,1,0,20260105,20260110
1111111-22,1,1,1,1,1,1,1,20260105,20260118
1111111-23,1,1,1,1,1,1,1,20260112,20260118
1111100-12,1,1,1,1,1,0,0,20260112,20260116
1111111-24,1,1,1,1,1,1,1,20260115,20260118
1111111-25,1,1,1,1,1,1,1,20260105,20260118
1111001-1,1,1,1,1,0,0,1,20260105,20260118
1111000-1,1,1,1,1,0,0,0,20260105,20260115
1111100-13,1,1,1,1,1,0,0,20260105,20260116
0000110-1,0,0,0,0,1,1,0,20260109,20260117
0000011-7,0,0,0,0,0,1,1,20260110,20260118
0000011-8,0,0,0,0,0,1,1,20260111,20260118
0000011-9,0,0,0,0,0,1,1,20260110,20260118
1111100-14,1,1,1,1,1,0,0,20260105,20260116
1111110-6,1,1,1,1,1,1,0,20260105,20260117
0000011-10,0,0,0,0,0,1,1,20260105,20260118
0000001-8,0,0,0,0,0,0,1,20260105,20260118
0000001-9,0,0,0,0,0,0,1,20260105,20260118
0000001-10,0,0,0,0,0,0,1,20260105,20260118
1111100-15,1,1,1,1,1,0,0,20260115,20260116
1111100-16,1,1,1,1,1,0,0,20260105,20260115
0000100-1,0,0,0,0,1,0,0,20260109,20260116
1111111_TR1,1,1,1,1,1,1,1,20251214,20261212
1111111_TR2,1,1,1,1,1,1,1,20251214,20261212
1111111_TR3,1,1,1,1,1,1,1,20251214,20260430
1111111_TR4,1,1,1,1,1,1,1,20260501,20261212
1111100_TR1,1,1,1,1,1,0,0,20251215,20261211
1111101_TR1,1,1,1,1,1,0,1,20251214,20261211
1111110_TR1,1,1,1,1,1,1,0,20251215,20261212
1111111_TR5,1,1,1,1,1,1,1,20251214,20261212
1111101_TR2,1,1,1,1,1,0,1,20251214,20261211
1111111_TR6,1,1,1,1,1,1,1,20251214,20261212
1111111_TR7,1,1,1,1,1,1,1,20251214,20261212
1111111_TR8,1,1,1,1,1,1,1,20251214,20261212
1111111_TR9,1,1,1,1,1,1,1,20251214,20261212
1111100_TR2,1,1,1,1,1,0,0,20251215,20261211
1111111_TR10,1,1,1,1,1,1,1,20251214,20261212
0000011_TR1,0,0,0,0,0,1,1,20251214,20261212
0000011_TR2,0,0,0,0,0,1,1,20251214,20261212
1111101_TR3,1,1,1,1,1,0,1,20251214,20261211
1111100_TR3,1,1,1,1,1,0,0,20251215,20261211
1111111_TR11,1,1,1,1,1,1,1,20251214,20261212
0000010_TR1,0,0,0,0,0,1,0,20251220,20261212
0000001_TR1,0,0,0,0,0,0,1,20251214,20261206
1111101_TR4,1,1,1,1,1,0,1,20251214,20261211
0000011_TR3,0,0,0,0,0,1,1,20251214,20261212
1111111_TR12,1,1,1,1,1,1,1,20251214,20261212
0110110_TR1,0,1,1,0,1,1,0,20260109,20260128
1111111_TR13,1,1,1,1,1,1,1,20251214,20261212
0000011_TR4,0,0,0,0,0,1,1,20260131,20260201
0000001_TR2,0,0,0,0,0,0,1,20251214,20261206
1111110_TR2,1,1,1,1,1,1,0,20251215,20261212
0000001_TR3,0,0,0,0,0,0,1,20251214,20261206
0000001_TR4,0,0,0,0,0,0,1,20251214,20261206
0000010_TR2,0,0,0,0,0,1,0,20251220,20261212
0000001_TR5,0,0,0,0,0,0,1,20251214,20261206
1111111_TR14,1,1,1,1,1,1,1,20251214,20261212
0001111_TR1,0,0,0,1,1,1,1,20260115,20260118
1110001_TR1,1,1,1,0,0,0,1,20260111,20260114
0000001_TR6,0,0,0,0,0,0,1,20251214,20261206
1000000_TR1,1,0,0,0,0,0,0,20251215,20261207
0111100_TR1,0,1,1,1,1,0,0,20251216,20261211
0000010_TR3,0,0,0,0,0,1,0,20251220,20261212
1111000_TR1,1,1,1,1,0,0,0,20251215,20261210
1111111_TR15,1,1,1,1,1,1,1,20251214,20261212
0000011_TR5,0,0,0,0,0,1,1,20260425,20260426
0000110_TR1,0,0,0,0,1,1,0,20251222,20260103
1111110_TR3,1,1,1,1,1,1,0,20251215,20261212
0000011_TR6,0,0,0,0,0,1,1,20260501,20260928
1111111_TR16,1,1,1,1,1,1,1,20260425,20260928
1111000_TR2,1,1,1,1,0,0,0,20260427,20260528
0001100_TR1,0,0,0,1,1,0,0,20260430,20260529
0111111_TR1,0,1,1,1,1,1,1,20251214,20261212
1000000_TR2,1,0,0,0,0,0,0,20251215,20261207
0000001_TR7,0,0,0,0,0,0,1,20251214,20261206
0000010_TR4,0,0,0,0,0,1,0,20251220,20261212
1111100_TR4,1,1,1,1,1,0,0,20251215,20261211
1111000_TR3,1,1,1,1,0,0,0,20260601,20260924
0000100_TR1,0,0,0,0,1,0,0,20260605,20260925
0000010_TR5,0,0,0,0,0,1,0,20260425,20260927
0000001_TR8,0,0,0,0,0,0,1,20260426,20260928
1111011_TR1,1,1,1,1,0,1,1,20251214,20261212
0000100_TR2,0,0,0,0,1,0,0,20251219,20261211
1111000_TR4,1,1,1,1,0,0,0,20251215,20261210
0000100_TR3,0,0,0,0,1,0,0,20251219,20261211
1111000_TR5,1,1,1,1,0,0,0,20251215,20261210
0000010_TR6,0,0,0,0,0,1,0,20251220,20261212
0000001_TR9,0,0,0,0,0,0,1,20251214,20261206
0000000_TR1,0,0,0,0,0,0,0,20251228,20261117
0000010_TR7,0,0,0,0,0,1,0,20251222,20260927
0000011_TR7,0,0,0,0,0,1,1,20251214,20261212
0000011_TR8,0,0,0,0,0,1,1,20251214,20261212
1111100_TR5,1,1,1,1,1,0,0,20251215,20261211
1111000_TR6,1,1,1,1,0,0,0,20251215,20261210
1111011_TR2,1,1,1,1,0,1,1,20251214,20261212
1100111_TR1,1,1,0,0,1,1,1,20251214,20261212
0011000_TR1,0,0,1,1,0,0,0,20251217,20261210
1111010_TR1,1,1,1,1,0,1,0,20251215,20261212
0000101_TR1,0,0,0,0,1,0,1,20251214,20261211
1111000_TR7,1,1,1,1,0,0,0,20260403,20260831
0000001_TR10,0,0,0,0,0,0,1,20260426,20260426
0000010_TR8,0,0,0,0,0,1,0,20260425,20260425
0000001_TR11,0,0,0,0,0,0,1,20260503,20260928
0000010_TR9,0,0,0,0,0,1,0,20260501,20260927
0000011_TR9,0,0,0,0,0,1,1,20251214,20261212
1111111_TR17,1,1,1,1,1,1,1,20251215,20261212
0000001_TR12,0,0,0,0,0,0,1,20251214,20261206
1111110_TR4,1,1,1,1,1,1,0,20251215,20261212
0000010_TR10,0,0,0,0,0,1,0,20251220,20261212
0000011_TR10,0,0,0,0,0,1,1,20251214,20261212
0000001_TR13,0,0,0,0,0,0,1,20251214,20261206
1111110_TR5,1,1,1,1,1,1,0,20251215,20261212
0000100_TR4,0,0,0,0,1,0,0,20251222,20260102
0000011_TR11,0,0,0,0,0,1,1,20251214,20261212
1111000_TR8,1,1,1,1,0,0,0,20251215,20261210
0000100_TR5,0,0,0,0,1,0,0,20251219,20261211
0000000_TR2,0,0,0,0,0,0,0,20251222,20261030
0000000_TR3,0,0,0,0,0,0,0,20260130,20260402
0000010_TR11,0,0,0,0,0,1,0,20251220,20261212
0000001_TR14,0,0,0,0,0,0,1,20251214,20261206
0000000_TR4,0,0,0,0,0,0,0,20251214,20261212
0000011_TR12,0,0,0,0,0,1,1,20260117,20260125
0000011_TR13,0,0,0,0,0,1,1,20260110,20260111
1111100_TR6,1,1,1,1,1,0,0,20251215,20261211
1000000_TR3,1,0,0,0,0,0,0,20260119,20260119
1111100_TR7,1,1,1,1,1,0,0,20260105,20260109
0000000_TR5,0,0,0,0,0,0,0,20251214,20261212
0000000_TR6,0,0,0,0,0,0,0,20251214,20261206
0000001_TR15,0,0,0,0,0,0,1,20260118,20260125
0000001_TR16,0,0,0,0,0,0,1,20260111,20260111
1111100_TR8,1,1,1,1,1,0,0,20251215,20261212
1000010_TR1,1,0,0,0,0,1,0,20260117,20260124
1111110_TR6,1,1,1,1,1,1,0,20260105,20260110
0000000_TR7,0,0,0,0,0,0,0,20251220,20261212
0000010_TR12,0,0,0,0,0,1,0,20260117,20260124
0000010_TR13,0,0,0,0,0,1,0,20260110,20260110
1111100_TR9,1,1,1,1,1,0,0,20251214,20261211
1000001_TR1,1,0,0,0,0,0,1,20260118,20260125
1111101_TR5,1,1,1,1,1,0,1,20260105,20260111
0000000_TR8,0,0,0,0,0,0,0,20251214,20261206
0000000_TR9,0,0,0,0,0,0,0,20251221,20261212
1111100_TR10,1,1,1,1,1,0,0,20251214,20261212
1000011_TR1,1,0,0,0,0,1,1,20260117,20260125
1111111_TR18,1,1,1,1,1,1,1,20260105,20260111
0000000_TR10,0,0,0,0,0,0,0,20251220,20261212
0000000_TR11,0,0,0,0,0,0,0,20251214,20261206
0000100_TR6,0,0,0,0,1,0,0,20251219,20261211
0000100_TR7,0,0,0,0,1,0,0,20260109,20260109
1111000_TR9,1,1,1,1,0,0,0,20251215,20261210
1111000_TR10,1,1,1,1,0,0,0,20260105,20260108
0000100_TR8,0,0,0,0,1,0,0,20260102,20260102
0001000_TR1,0,0,0,1,0,0,0,20260402,20260402
0000100_TR9,0,0,0,0,1,0,0,20251214,20261211
0000101_TR2,0,0,0,0,1,0,1,20260109,20260111
1111000_TR11,1,1,1,1,0,0,0,20251215,20261212
1111010_TR2,1,1,1,1,0,1,0,20260105,20260110
1111010_TR3,1,1,1,1,0,1,0,20251214,20261212
1111011_TR3,1,1,1,1,0,1,1,20260105,20260111
0000000_TR12,0,0,0,0,0,0,0,20251214,20261206
0000010_TR14,0,0,0,0,0,1,0,20251220,20261212
1111000_TR12,1,1,1,1,0,0,0,20251215,20261210
1111110_TR7,1,1,1,1,1,1,0,20251214,20261212
0000010_TR15,0,0,0,0,0,1,0,20251220,20261212
0000100_TR10,0,0,0,0,1,0,0,20251219,20261211
1111000_TR13,1,1,1,1,0,0,0,20251215,20261210
0000010_TR16,0,0,0,0,0,1,0,20260403,20261031
0000001_TR17,0,0,0,0,0,0,1,20260404,20261101
1111100_TR11,1,1,1,1,1,0,0,20260407,20261030
0000011_TR14,0,0,0,0,0,1,1,20260403,20261101
0000011_TR15,0,0,0,0,0,1,1,20260403,20261101
1111100_TR12,1,1,1,1,1,0,0,20260404,20261030
1111101_TR6,1,1,1,1,1,0,1,20260404,20261101
0000001_TR18,0,0,0,0,0,0,1,20260403,20261101
0000010_TR17,0,0,0,0,0,1,0,20260404,20261031
0000100_TR11,0,0,0,0,1,0,0,20260410,20261030
1111000_TR14,1,1,1,1,0,0,0,20260407,20261029
0000101_TR3,0,0,0,0,1,0,1,20260403,20261101
1111010_TR4,1,1,1,1,0,1,0,20260404,20261031
0000001_TR19,0,0,0,0,0,0,1,20260406,20261101
0000010_TR18,0,0,0,0,0,1,0,20260403,20261031
0000100_TR12,0,0,0,0,1,0,0,20260410,20261030
1111011_TR4,1,1,1,1,0,1,1,20260403,20261101
1111111_TR19,1,1,1,1,1,1,1,20260403,20261101
1111000_TR15,1,1,1,1,0,0,0,20260407,20261029
1111111_TR20,1,1,1,1,1,1,1,20251214,20261212
0000001_TR20,0,0,0,0,0,0,1,20251214,20261206
0000011_TR16,0,0,0,0,0,1,1,20260321,20261101
0000011_TR17,0,0,0,0,0,1,1,20260704,20260830
0000011_TR18,0,0,0,0,0,1,1,20260321,20260928
1111111_TR21,1,1,1,1,1,1,1,20251214,20261211
0000010_TR19,0,0,0,0,0,1,0,20261212,20261212
1111111_TR22,1,1,1,1,1,1,1,20251214,20261212
1111111_TR23,1,1,1,1,1,1,1,20251214,20261212
1111111_TR24,1,1,1,1,1,1,1,20251214,20261212
1111100_TR13,1,1,1,1,1,0,0,20260616,20261211
1111100_TR14,1,1,1,1,1,0,0,20251215,20260615
1111100_TR15,1,1,1,1,1,0,0,20251215,20260306
1000000_TR4,1,0,0,0,0,0,0,20260105,20260105
1111100_TR16,1,1,1,1,1,0,0,20260309,20261211
1111100_TR17,1,1,1,1,1,0,0,20251215,20260306
1111100_TR18,1,1,1,1,1,0,0,20251222,20261211
0000001_TR21,0,0,0,0,0,0,1,20260322,20261101
0000000_TR13,0,0,0,0,0,0,0,20260404,20260927
0000010_TR20,0,0,0,0,0,1,0,20260321,20261031
0000011_TR19,0,0,0,0,0,1,1,20251214,20261212
0000011_TR20,0,0,0,0,0,1,1,20260110,20260614
0000011_TR21,0,0,0,0,0,1,1,20251214,20261212
1111110_TR8,1,1,1,1,1,1,0,20251215,20261212
1111110_TR9,1,1,1,1,1,1,0,20260105,20260615
0000001_TR22,0,0,0,0,0,0,1,20251214,20261206
0000001_TR23,0,0,0,0,0,0,1,20260111,20260614
1111100_TR19,1,1,1,1,1,0,0,20251215,20261211
1111100_TR20,1,1,1,1,1,0,0,20260105,20260615
1111111_TR25,1,1,1,1,1,1,1,20251214,20261212
1111111_TR26,1,1,1,1,1,1,1,20260105,20260615
1111111_TR27,1,1,1,1,1,1,1,20251214,20261212
0000011_TR22,0,0,0,0,0,1,1,20260425,20260928
1111100_TR21,1,1,1,1,1,0,0,20251215,20261211
0000010_TR21,0,0,0,0,0,1,0,20251220,20261212
1111111_TR28,1,1,1,1,1,1,1,20251213,20261211
0111111_TR2,0,1,1,1,1,1,1,20251214,20261212
0000010_TR22,0,0,0,0,0,1,0,20251214,20261212
1111111_TR29,1,1,1,1,1,1,1,20251215,20261211
0000010_TR23,0,0,0,0,0,1,0,20251220,20261212
1111110_TR10,1,1,1,1,1,1,0,20251215,20261211
1111111_TR30,1,1,1,1,1,1,1,20251214,20261212
1111110_TR11,1,1,1,1,1,1,0,20251214,20261212
0000010_TR24,0,0,0,0,0,1,0,20251214,20261212
1111110_TR12,1,1,1,1,1,1,0,20251215,20261212
1111110_TR13,1,1,1,1,1,1,0,20251215,20261212
0000001_TR24,0,0,0,0,0,0,1,20251214,20261206
0000011_TR23,0,0,0,0,0,1,1,20251214,20261212
0000010_TR25,0,0,0,0,0,1,0,20260103,20260103
1111111_TR31,1,1,1,1,1,1,1,20251214,20261212
0000011_TR24,0,0,0,0,0,1,1,20260117,20260118
1111100_TR22,1,1,1,1,1,0,0,20251215,20261211
0000011_TR25,0,0,0,0,0,1,1,20251214,20261212
0000011_TR26,0,0,0,0,0,1,1,20251214,20261212
1111111_TR32,1,1,1,1,1,1,1,20251214,20261212
1111001_TR1,1,1,1,1,0,0,1,20251214,20261210
0000110_TR2,0,0,0,0,1,1,0,20251219,20261212
0000010_TR26,0,0,0,0,0,1,0,20251220,20261212
1111100_TR23,1,1,1,1,1,0,0,20260427,20260831
1111100_TR24,1,1,1,1,1,0,0,20260427,20260630
1111100_TR25,1,1,1,1,1,0,0,20260701,20260831
1111111_TR33,1,1,1,1,1,1,1,20260425,20260928
1111100_TR26,1,1,1,1,1,0,0,20260511,20260629
0000000_TR14,0,0,0,0,0,0,0,20251222,20260831
0000011_TR27,0,0,0,0,0,1,1,20251214,20261212
1111110_TR14,1,1,1,1,1,1,0,20251215,20261212
0000001_TR25,0,0,0,0,0,0,1,20251214,20261206
0000011_TR28,0,0,0,0,0,1,1,20251214,20261212
0000011_TR29,0,0,0,0,0,1,1,20251214,20261212
0000011_TR30,0,0,0,0,0,1,1,20260117,20260614
0000011_TR31,0,0,0,0,0,1,1,20251214,20261212
1111111_TR34,1,1,1,1,1,1,1,20251214,20261212
1111101_TR7,1,1,1,1,1,0,1,20260104,20260109
1111100_TR27,1,1,1,1,1,0,0,20251215,20261211
0111100_TR2,0,1,1,1,1,0,0,20251216,20261211
0111100_TR3,0,1,1,1,1,0,0,20260106,20260123
1000000_TR5,1,0,0,0,0,0,0,20251215,20261207
1000000_TR6,1,0,0,0,0,0,0,20260105,20260119
0000011_TR32,0,0,0,0,0,1,1,20251214,20261212
0000011_TR33,0,0,0,0,0,1,1,20260110,20260125
1111100_TR28,1,1,1,1,1,0,0,20251215,20261211
1111100_TR29,1,1,1,1,1,0,0,20260105,20260123
1111111_TR35,1,1,1,1,1,1,1,20251214,20261212
1111111_TR36,1,1,1,1,1,1,1,20260105,20260125
0000010_TR27,0,0,0,0,0,1,0,20251220,20261212
0000010_TR28,0,0,0,0,0,1,0,20260110,20260124
1111101_TR8,1,1,1,1,1,0,1,20251214,20261211
1111101_TR9,1,1,1,1,1,0,1,20260105,20260125
0000011_TR34,0,0,0,0,0,1,1,20251214,20261212
1111100_TR30,1,1,1,1,1,0,0,20251215,20261211
1111000_TR16,1,1,1,1,0,0,0,20251215,20261210
1111000_TR17,1,1,1,1,0,0,0,20260105,20260122
0000111_TR1,0,0,0,0,1,1,1,20251214,20261212
0000111_TR2,0,0,0,0,1,1,1,20260109,20260125
1111111_TR37,1,1,1,1,1,1,1,20251214,20261212
1111111_TR38,1,1,1,1,1,1,1,20251214,20261212
0000011_TR35,0,0,0,0,0,1,1,20251214,20261212
0000011_TR36,0,0,0,0,0,1,1,20260103,20260104
1111100_TR31,1,1,1,1,1,0,0,20251215,20261211
0000001_TR26,0,0,0,0,0,0,1,20251214,20261206
0000000_TR15,0,0,0,0,0,0,0,20251214,20261212
0000011_TR37,0,0,0,0,0,1,1,20251214,20261212
1111100_TR32,1,1,1,1,1,0,0,20251215,20261211
1111111_TR39,1,1,1,1,1,1,1,20251214,20261212
1000011_TR2,1,0,0,0,0,1,1,20260103,20260105
0000011_TR38,0,0,0,0,0,1,1,20251214,20261212
1111100_TR33,1,1,1,1,1,0,0,20251215,20261211
1111100_TR34,1,1,1,1,1,0,0,20251214,20261212
1111111_TR40,1,1,1,1,1,1,1,20251214,20261212
1111111_TR41,1,1,1,1,1,1,1,20260511,20260830
1111111_TR42,1,1,1,1,1,1,1,20251214,20261212
0000011_TR39,0,0,0,0,0,1,1,20251214,20261212
1111111_TR43,1,1,1,1,1,1,1,20251214,20261212
1111111_TR44,1,1,1,1,1,1,1,20251214,20261212
1111111_TR45,1,1,1,1,1,1,1,20251214,20261212
0000100_TR13,0,0,0,0,1,0,0,20251219,20261211
1111101_TR10,1,1,1,1,1,0,1,20251214,20261211
0000011_TR40,0,0,0,0,0,1,1,20251214,20261212
0000001_TR27,0,0,0,0,0,0,1,20251214,20261206
1111110_TR15,1,1,1,1,1,1,0,20251215,20261212
0000101_TR4,0,0,0,0,1,0,1,20251214,20261211
1111000_TR18,1,1,1,1,0,0,0,20251215,20261210
0000010_TR29,0,0,0,0,0,1,0,20251220,20261212
1111111_TR46,1,1,1,1,1,1,1,20251214,20261212
1111100_TR35,1,1,1,1,1,0,0,20260615,20261211
1111110_TR16,1,1,1,1,1,1,0,20251214,20261212
1111111_TR47,1,1,1,1,1,1,1,20260321,20261211
1111100_TR36,1,1,1,1,1,0,0,20251214,20261212
1111111_TR48,1,1,1,1,1,1,1,20251214,20261212
0000010_TR30,0,0,0,0,0,1,0,20251220,20261212
1111110_TR17,1,1,1,1,1,1,0,20251214,20261212
0000000_TR16,0,0,0,0,0,0,0,20251214,20261212
0000011_TR41,0,0,0,0,0,1,1,20251214,20261212
1111100_TR37,1,1,1,1,1,0,0,20251215,20261211
0000011_TR42,0,0,0,0,0,1,1,20251214,20261212
0000011_TR43,0,0,0,0,0,1,1,20251214,20261212
1111100_TR38,1,1,1,1,1,0,0,20251215,20261211
1111100_TR39,1,1,1,1,1,0,0,20260605,20260831
1111111_TR49,1,1,1,1,1,1,1,20251214,20261212
0000011_TR44,0,0,0,0,0,1,1,20251214,20261212
0000011_TR45,0,0,0,0,0,1,1,20251214,20261212
0000011_TR46,0,0,0,0,0,1,1,20260103,20260111
0000000_TR17,0,0,0,0,0,0,0,20251214,20261212
0000000_TR18,0,0,0,0,0,0,0,20260321,20261101
0000011_TR47,0,0,0,0,0,1,1,20251214,20261212
1111100_TR40,1,1,1,1,1,0,0,20251215,20261211
1111100_TR41,1,1,1,1,1,0,0,20251215,20261211
0000100_TR14,0,0,0,0,1,0,0,20260703,20260828
0000100_TR15,0,0,0,0,1,0,0,20260320,20261030
0000000_TR19,0,0,0,0,0,0,0,20251222,20260831
1111100_TR42,1,1,1,1,1,0,0,20251215,20261211
0000011_TR48,0,0,0,0,0,1,1,20251214,20261212
1111100_TR43,1,1,1,1,1,0,0,20251215,20261211
0000100_TR16,0,0,0,0,1,0,0,20251231,20260831
1111100_TR44,1,1,1,1,1,0,0,20251215,20261211
0000010_TR31,0,0,0,0,0,1,0,20251214,20261212
0000100_TR17,0,0,0,0,1,0,0,20260320,20261030
0000110_TR3,0,0,0,0,1,1,0,20260320,20261031
0000001_TR28,0,0,0,0,0,0,1,20260322,20261101
0000000_TR20,0,0,0,0,0,0,0,20251214,20261212
0000011_TR49,0,0,0,0,0,1,1,20251214,20261212
0000011_TR50,0,0,0,0,0,1,1,20251220,20260104
1111111_TR50,1,1,1,1,1,1,1,20251214,20261212
1111111_TR51,1,1,1,1,1,1,1,20251213,20261211
0000010_TR32,0,0,0,0,0,1,0,20251220,20261212
0000001_TR29,0,0,0,0,0,0,1,20251214,20261206
0000011_TR51,0,0,0,0,0,1,1,20251214,20261212
1111110_TR18,1,1,1,1,1,1,0,20251215,20261211
0000010_TR33,0,0,0,0,0,1,0,20260321,20261031
1111111_TR52,1,1,1,1,1,1,1,20251214,20261212
0000011_TR52,0,0,0,0,0,1,1,20251214,20261212
1111101_TR11,1,1,1,1,1,0,1,20251215,20261211
0000010_TR34,0,0,0,0,0,1,0,20260321,20261031
0000001_TR30,0,0,0,0,0,0,1,20260322,20261101
1111111_TR53,1,1,1,1,1,1,1,20251214,20261212
0000010_TR35,0,0,0,0,0,1,0,20260516,20260516
1111111_TR54,1,1,1,1,1,1,1,20251214,20261212
0000011_TR53,0,0,0,0,0,1,1,20251214,20261212
0000100_TR18,0,0,0,0,1,0,0,20251219,20261211
1111100_TR45,1,1,1,1,1,0,0,20251215,20261210
0000011_TR54,0,0,0,0,0,1,1,20260523,20260830
0000011_TR55,0,0,0,0,0,1,1,20251214,20261212
0000010_TR36,0,0,0,0,0,1,0,20260321,20261031
0000001_TR31,0,0,0,0,0,0,1,20260322,20261101
0000011_TR56,0,0,0,0,0,1,1,20251214,20261206
0000010_TR37,0,0,0,0,0,1,0,20251220,20261212
0000011_TR57,0,0,0,0,0,1,1,20251220,20261212
0000011_TR58,0,0,0,0,0,1,1,20251214,20261212
0000011_TR59,0,0,0,0,0,1,1,20251214,20261212
0000110_TR4,0,0,0,0,1,1,0,20251219,20261212
1111010_TR5,1,1,1,1,0,1,0,20251215,20261212
0000100_TR19,0,0,0,0,1,0,0,20251219,20261211
1111011_TR5,1,1,1,1,0,1,1,20251213,20261210
0000010_TR38,0,0,0,0,0,1,0,20261031,20261031
0000010_TR39,0,0,0,0,0,1,0,20260321,20261028
1111100_TR46,1,1,1,1,1,0,0,20251215,20261211
0000011_TR60,0,0,0,0,0,1,1,20251214,20261212
1111110_TR19,1,1,1,1,1,1,0,20251220,20261212
1111100_TR47,1,1,1,1,1,0,0,20251215,20260306
1111111_TR55,1,1,1,1,1,1,1,20251214,20261212
0000011_TR61,0,0,0,0,0,1,1,20251214,20261212
1111101_TR12,1,1,1,1,1,0,1,20251215,20261211
1111111_TR56,1,1,1,1,1,1,1,20251214,20261212
1111111_TR57,1,1,1,1,1,1,1,20251213,20261211
1111111_TR58,1,1,1,1,1,1,1,20260522,20260830
0000011_TR62,0,0,0,0,0,1,1,20251214,20261212
1111100_TR48,1,1,1,1,1,0,0,20251215,20261211
0000000_TR21,0,0,0,0,0,0,0,20251224,20261129
0000000_TR22,0,0,0,0,0,0,0,20251224,20261129
1111110_TR20,1,1,1,1,1,1,0,20251215,20261212
1111110_TR21,1,1,1,1,1,1,0,20251215,20261212
0000000_TR23,0,0,0,0,0,0,0,20260425,20260926
0000011_TR63,0,0,0,0,0,1,1,20260321,20261101
0000011_TR64,0,0,0,0,0,1,1,20251220,20261212
0000011_TR65,0,0,0,0,0,1,1,20251220,20261212
1111100_TR49,1,1,1,1,1,0,0,20251215,20261211
0000010_TR40,0,0,0,0,0,1,0,20251220,20261212
0000011_TR66,0,0,0,0,0,1,1,20251214,20261212
1111100_TR50,1,1,1,1,1,0,0,20251222,20261211
0000011_TR67,0,0,0,0,0,1,1,20251214,20261212
0000011_TR68,0,0,0,0,0,1,1,20251214,20261212
1111111_TR59,1,1,1,1,1,1,1,20251214,20261212
0000011_TR69,0,0,0,0,0,1,1,20251214,20261212
0000011_TR70,0,0,0,0,0,1,1,20260606,20260928
0000011_TR71,0,0,0,0,0,1,1,20260403,20261031
0000011_TR72,0,0,0,0,0,1,1,20251214,20261212
0000100_TR20,0,0,0,0,1,0,0,20251219,20261211
1111101_TR13,1,1,1,1,1,0,1,20251214,20261211
0000010_TR41,0,0,0,0,0,1,0,20251220,20261212
0000100_TR21,0,0,0,0,1,0,0,20251219,20261211
0000010_TR42,0,0,0,0,0,1,0,20251220,20261212
0000001_TR32,0,0,0,0,0,0,1,20251214,20261206
0000001_TR33,0,0,0,0,0,0,1,20260405,20260405
0000011_TR73,0,0,0,0,0,1,1,20251214,20261212
1111101_TR14,1,1,1,1,1,0,1,20251214,20261211
0000111_TR3,0,0,0,0,1,1,1,20251214,20261212
0000011_TR74,0,0,0,0,0,1,1,20251214,20261212
0000010_TR43,0,0,0,0,0,1,0,20260124,20260124
0000010_TR44,0,0,0,0,0,1,0,20251214,20261212
0000001_TR34,0,0,0,0,0,0,1,20260322,20261025
0000011_TR75,0,0,0,0,0,1,1,20261028,20261031
0000010_TR45,0,0,0,0,0,1,0,20260321,20261024
0000010_TR46,0,0,0,0,0,1,0,20260321,20261031
0000000_TR24,0,0,0,0,0,0,0,20251214,20261206
0000011_TR76,0,0,0,0,0,1,1,20251220,20261212
0000000_TR25,0,0,0,0,0,0,0,20260103,20261117
0000011_TR77,0,0,0,0,0,1,1,20251214,20261212
0000001_TR35,0,0,0,0,0,0,1,20251214,20261206
0000001_TR36,0,0,0,0,0,0,1,20261028,20261117
0000001_TR37,0,0,0,0,0,0,1,20251214,20261206
0000010_TR47,0,0,0,0,0,1,0,20251220,20261212
0000001_TR38,0,0,0,0,0,0,1,20251214,20261206
0000001_TR39,0,0,0,0,0,0,1,20260111,20260125
1111110_TR22,1,1,1,1,1,1,0,20251215,20261212
1111110_TR23,1,1,1,1,1,1,0,20260105,20260124
1111101_TR15,1,1,1,1,1,0,1,20251214,20261211
1111101_TR16,1,1,1,1,1,0,1,20251214,20261211
0000010_TR48,0,0,0,0,0,1,0,20251220,20261212
1111111_TR60,1,1,1,1,1,1,1,20260105,20260124
0000011_TR78,0,0,0,0,0,1,1,20251214,20261212
0000011_TR79,0,0,0,0,0,1,1,20251214,20261212
1111010_TR6,1,1,1,1,0,1,0,20251215,20261212
0000100_TR22,0,0,0,0,1,0,0,20251219,20261211
1111100_TR51,1,1,1,1,1,0,0,20251215,20260612
1111100_TR52,1,1,1,1,1,0,0,20251215,20261211
0000011_TR80,0,0,0,0,0,1,1,20251214,20261212
1111100_TR53,1,1,1,1,1,0,0,20260601,20260831
1111100_TR54,1,1,1,1,1,0,0,20251215,20261211
1111100_TR55,1,1,1,1,1,0,0,20251215,20261211
1111000_TR19,1,1,1,1,0,0,0,20260119,20260129
0000010_TR49,0,0,0,0,0,1,0,20251220,20261212
0000001_TR40,0,0,0,0,0,0,1,20251214,20261206
0000100_TR23,0,0,0,0,1,0,0,20251219,20261211
1111000_TR20,1,1,1,1,0,0,0,20251215,20261210
1111101_TR17,1,1,1,1,1,0,1,20251214,20261211
0000010_TR50,0,0,0,0,0,1,0,20251220,20261212
0000001_TR41,0,0,0,0,0,0,1,20251214,20261206
1111111_TR61,1,1,1,1,1,1,1,20251214,20261212
